mse_loss :1.0772758722305298
mae_loss :0.5903103947639465 
CC : 0.2522977888584137